,ems_calls
0,10
1,17
2,16
3,67
4,30
5,79
6,96
7,69
8,19
9,11
10,68
11,11
12,56
13,12
14,67
15,70
16,74
17,77
18,91
19,70
20,19
21,14
22,11
23,71
24,79
25,14
26,17
27,80
28,46
29,75
30,15
31,38
32,114
33,76
34,11
35,4
36,11
37,16
38,16
39,18
40,11
41,48
42,12
43,12
44,67
45,11
46,16
47,76
48,16
49,18
50,62
51,77
52,12
53,7
54,15
55,70
56,15
57,16
58,62
59,18
60,14
61,11
62,18
63,83
64,13
65,61
66,64
67,17
68,72
69,14
70,67
71,55
72,78
73,62
74,13
75,12
76,41
77,67
78,53
79,7
80,87
81,16
82,72
83,58
84,11
85,66
86,19
87,4
88,86
89,70
90,67
91,72
92,73
93,9
94,62
95,23
96,13
97,49
98,55
99,74
100,80
101,61
102,79
103,4
104,87
105,14
106,19
107,55
108,10
109,62
110,99
111,68
112,79
113,45
114,9
115,8
116,81
117,13
118,14
119,76
120,8
121,19
122,11
123,103
124,62
125,64
126,67
127,66
128,12
129,32
130,7
131,16
132,90
133,66
134,5
135,64
136,12
137,83
138,8
139,34
140,80
141,82
142,81
143,62
144,45
145,73
146,80
147,62
148,85
149,75
150,68
151,14
152,11
153,11
154,64
155,86
156,98
157,14
158,75
159,62
160,99
161,87
162,83
163,80
164,12
165,14
166,10
167,71
168,34
169,83
170,14
171,83
172,25
173,74
174,12
175,21
176,17
177,85
178,41
179,14
180,68
181,74
182,78
183,6
184,83
185,101
186,66
187,14
188,12
189,69
190,76
191,15
192,58
193,72
194,86
195,56
196,75
197,13
198,65
199,95
200,73
201,11
202,14
203,68
204,63
205,8
206,83
207,78
208,18
209,72
210,19
211,65
212,22
213,81
214,86
215,79
216,65
217,66
218,13
219,90
220,20
221,80
222,54
223,22
224,36
225,62
226,55
227,11
228,89
229,7
230,79
231,12
232,59
233,70
234,8
235,59
236,16
237,18
238,20
239,28
240,19
241,12
242,60
243,68
244,78
245,14
246,23
247,14
248,106
249,27
250,78
251,90
252,9
253,74
254,15
255,6
256,16
257,81
258,42
259,9
260,17
261,10
262,13
263,74
264,75
265,30
266,72
267,7
268,73
269,96
270,17
271,70
272,4
273,14
274,61
275,60
276,76
277,12
278,80
279,30
280,13
281,81
282,66
283,35
284,17
285,13
286,91
287,90
288,63
289,11
290,79
291,5
292,17
293,13
294,80
295,73
296,15
297,15
298,16
299,73
300,8
301,19
302,14
303,84
304,10
305,11
306,66
307,63
308,65
309,78
310,12
311,64
312,76
313,39
314,15
315,62
316,16
317,13
318,26
319,84
320,52
321,16
322,66
323,8
324,67
325,66
326,36
327,74
328,34
329,66
330,63
331,34
332,63
333,62
334,9
335,13
336,15
337,69
338,19
339,25
340,73
341,27
342,35
343,11
344,70
345,70
346,20
347,57
348,79
349,17
350,63
351,64
352,12
353,67
354,62
355,61
356,13
357,69
358,80
